0 486705
486706 605841
605842 757703
757704 1002271
1002272 1155673
1155674 1229875
1229876 1242154
1242155 1343162
1343163 1504921
1504922 1576117
1576118 1656412
1656413 1751661
1751662 1973085
1973086 2065435
2065436 2209371
2209372 2383942
2383943 2523673
2523674 2587967
2587968 2668398
2668399 2761587
2761588 2839838
2839839 2891632
2891633 2898007
2898008 2954484
2954485 2963564
2963565 2968740
2968741 2975706
2975707 2987056
2987057 3065107
3065108 3121031
3121032 3193728
3193729 3268561
3268562 3452874
3452875 3520822
3520823 3610935
3610936 3694681
3694682 3780964
3780965 3825473
3825474 3831829
3831830 3891177
3891178 3986276
3986277 4030878
4030879 4087185
4087186 4134675
4134676 4208135
4208136 4258924
4258925 4335726
4335727 4410951
4410952 4611047
4611048 4702473
4702474 4782994
4782995 4942243
4942244 5041409
5041410 5091532
5091533 5098822
5098823 5178462
5178463 5292653
5292654 5363840
5363841 5449197
5449198 5565721
5565722 5704711
5704712 5782718
5782719 5862478
5862479 6006211
6006212 6151830
6151831 6204858
6204859 6258429
6258430 6327909
6327910 6398337
6398338 6431590
6431591 6439758
6439759 6492265
6492266 6576966
6576967 6616417
6616418 6659403
6659404 6708528
6708529 6781290
6781291 6826307
6826308 6892152
6892153 6974863
6974864 7036063
7036064 7075592
7075593 7116368
7116369 7164009
7164010 7211340
7211341 7246484
7246485 7254423
7254424 7290212
7290213 7294897
7294898 7298175
7298176 7301730
7301731 7306017
7306018 7342265
7342266 7386688
7386689 7429357
7429358 7469343
7469344 7478101
7478102 7481530
7481531 7487352
7487353 7493116
7493117 7498278
7498279 7501820
7501821 7502573
7502574 7507310
7507311 7512901
7512902 7516178
7516179 7520962
7520963 7525019
7525020 7532264
7532265 7536861
7536862 7546116
7546117 7554845
7554846 7610117
7610118 7645278
7645279 7681048
7681049 7733341
7733342 7789685
7789686 7837630
7837631 7843135
7843136 7892841
7892842 7947579
7947580 7981378
7981379 8026864
8026865 8073392
8073393 8121628
8121629 8169628
8169629 8212368
8212369 8287776
8287777 8480147
8480148 8535176
8535177 8619059
8619060 8707345
8707346 8787969
8787970 8825326
8825327 8831978
8831979 8884421
8884422 8976332
8976333 9018288
9018289 9073895
9073896 9122474
9122475 9186900
9186901 9227656
9227657 9287506
9287507 9347577
9347578 9427485
9427486 9461756
9461757 9519456
9519457 9571862
9571863 9628105
9628106 9657099
9657100 9662010
9662011 9702270
9702271 9711998
9711999 9715243
9715244 9719984
9719985 9724765
9724766 9762865
9762866 9796201
9796202 9846930
9846931 9892003
9892004 9998222
9998223 10037131
10037132 10095786
10095787 10147987
10147988 10205420
10205421 10236392
10236393 10242114
10242115 10283768
10283769 10343881
10343882 10372707
10372708 10410398
10410399 10441737
10441738 10479835
10479836 10508646
10508647 10549067
10549068 10589120
10589121 10652113
10652114 10681621
10681622 10726280
10726281 10780172
10780173 10837479
10837480 10869661
10869662 10873609
10873610 10925051
10925052 10991057
10991058 11034355
11034356 11081640
11081641 11131092
11131093 11181115
11181116 11224733
11224734 11270309
11270310 11344648
11344649 11540098
11540099 11595906
11595907 11658991
11658992 11780063
11780064 11867912
11867913 11908000
11908001 11914681
11914682 11973930
11973931 12046326
12046327 12088370
12088371 12128120
12128121 12179923
12179924 12290936
12290937 12350523
12350524 12418032
12418033 12546424
12546425 12622668
12622669 12668514
12668515 12719212
12719213 12783399
12783400 12838217
12838218 12891797
12891798 12895597
12895598 12947379
12947380 12952466
12952467 12960350
12960351 12964249
12964250 12969663
12969664 13020903
13020904 13073396
13073397 13124341
13124342 13184621
13184622 13289930
13289931 13335899
13335900 13400981
13400982 13472167
13472168 13535480
13535481 13574847
13574848 13579233
13579234 13640440
13640441 13709776
13709777 13756080
13756081 13809557
13809558 13862269
13862270 13934550
13934551 13984009
13984010 14049113
14049114 14132946
14132947 14236008
14236009 14284570
14284571 14348255
14348256 14445225
14445226 14523515
14523516 14573105
14573106 14578688
14578689 14660230
14660231 14723137
14723138 14765141
14765142 14806972
14806973 14869597
14869598 14975574
14975575 15056791
15056792 15136277
15136278 15311443
15311444 15468785
15468786 15532532
15532533 15609719
15609720 15699217
15699218 15760535
15760536 15790904
15790905 15796483
15796484 15836298
15836299 15892283
15892284 15922643
15922644 15963648
15963649 16001409
16001410 16064682
16064683 16099005
16099006 16157032
16157033 16219324
16219325 16284018
16284019 16377712
16377713 16438034
16438035 16509129
16509130 16558188
16558189 16584980
16584981 16590180
16590181 16630697
16630698 16636369
16636370 16641990
16641991 16649514
16649515 16659405
16659406 16690767
16690768 16720289
16720290 16771489
16771490 16820534
16820535 16914261
16914262 16957432
16957433 17033846
17033847 17088310
17088311 17144221
17144222 17177437
17177438 17182827
17182828 17224482
17224483 17273567
17273568 17326430
17326431 17367560
17367561 17407669
17407670 17449801
17449802 17480099
17480100 17534772
17534773 17581561
17581562 17647820
17647821 17692944
17692945 17738984
17738985 17821416
17821417 17873078
17873079 17904476
17904477 17908937
17908938 17956749
17956750 18012004
18012005 18051288
18051289 18109939
18109940 18170975
18170976 18226260
18226261 18276165
18276166 18323920
18323921 18440484
18440485 18509775
18509776 18543015
18543016 18580988
18580989 18621035
18621036 18679553
18679554 18715123
18715124 18727243
18727244 18770301
18770302 18810717
18810718 18851928
18851929 18885373
18885374 18917292
18917293 18955270
18955271 18993734
18993735 19047326
19047327 19100245
19100246 19142693
19142694 19175137
19175138 19233267
19233268 19267561
19267562 19312330
19312331 19333870
19333871 19343268
19343269 19371546
19371547 19375896
19375897 19381456
19381457 19391201
19391202 19394933
19394934 19420380
19420381 19447034
19447035 19485030
19485031 19516343
19516344 19521066
19521067 19523480
19523481 19528293
19528294 19531548
19531549 19538191
19538192 19541856
19541857 19544920
19544921 19548712
19548713 19551733
19551734 19554662
19554663 19558990
19558991 19561671
19561672 19565341
19565342 19568533
19568534 19577107
19577108 19581208
19581209 19618374
19618375 19642930
19642931 19670834
19670835 19701709
19701710 19754791
19754792 19798603
19798604 19807853
19807854 19854269
19854270 19896209
19896210 19927469
19927470 19969940
19969941 20010243
20010244 20040245
20040246 20072232
20072233 20110038
20110039 20157808
20157809 20166513
20166514 20170173
20170174 20176263
20176264 20182374
20182375 20187098
20187099 20189825
20189826 20190598
20190599 20194151
20194152 20200910
20200911 20204167
20204168 20211813
20211814 20216669
20216670 20221690
20221691 20226706
20226707 20232481
20232482 20237927
20237928 20242770
20242771 20247479
20247480 20253060
20253061 20257852
20257853 20265620
20265621 20272631
20272632 20273834
20273835 20286512
20286513 20287157
20287158 20288387
20288388 20289519
20289520 20290344
20290345 20293783
20293784 20297197
20297198 20303041
20303042 20307857
20307858 20314222
20314223 20317462
20317463 20326381
20326382 20330714
20330715 20335458
20335459 20339061
20339062 20340205
20340206 20344333
20344334 20349702
20349703 20353567
20353568 20363733
20363734 20367610
20367611 20371452
20371453 20374147
20374148 20382698
20382699 20387028
20387029 20393742
20393743 20397732
20397733 20403047
20403048 20412582
20412583 20417801
20417802 20422327
20422328 20423089
20423090 20429500
20429501 20438044
20438045 20445676
20445677 20455027
20455028 20465045
20465046 20471056
20471057 20476609
20476610 20483732
20483733 20495056
20495057 20564612
20564613 20588093
20588094 20616848
20616849 20659319
20659320 20706323
20706324 20728623
20728624 20732566
20732567 20765212
20765213 20801528
20801529 20819302
20819303 20842207
20842208 20864835
20864836 20911569
20911570 20937822
20937823 20976653
20976654 21028072
21028073 21073666
21073667 21105917
21105918 21151667
21151668 21197067
21197068 21253965
21253966 21284586
21284587 21291678
21291679 21342067
21342068 21345888
21345889 21348663
21348664 21357588
21357589 21362392
21362393 21394495
21394496 21429301
21429302 21482585
21482586 21530827
21530828 21594720
21594721 21622023
21622024 21666328
21666329 21707823
21707824 21777894
21777895 21808950
21808951 21814507
21814508 21858863
21858864 21905419
21905420 21936127
21936128 21979718
21979719 22011596
22011597 22056303
22056304 22086882
22086883 22136089
22136090 22184980
22184981 22239079
22239080 22268730
22268731 22299753
22299754 22345420
22345421 22399513
22399514 22442970
22442971 22447809
22447810 22506635
22506636 22556204
22556205 22584239
22584240 22626078
22626079 22663805
22663806 22724273
22724274 22776034
22776035 22845312
22845313 22940380
22940381 23135166
23135167 23206820
23206821 23315720
23315721 23447393
23447394 23520708
23520709 23551937
23551938 23558777
23558778 23619304
23619305 23714043
23714044 23759880
23759881 23821841
23821842 23880091
23880092 23957906
23957907 24009569
24009570 24087647
24087648 24168786
24168787 24233634
24233635 24281237
24281238 24349380
24349381 24406492
24406493 24461370
24461371 24489467
24489468 24493836
24493837 24528680
24528681 24535146
24535147 24539282
24539283 24553308
24553309 24559801
24559802 24593954
24593955 24632299
24632300 24680250
24680251 24730980
24730981 24837969
24837970 24896873
24896874 24987080
24987081 25054468
25054469 25107615
25107616 25140340
25140341 25148208
25148209 25194007
25194008 25256754
25256755 25294737
25294738 25339575
25339576 25386219
25386220 25424469
25424470 25457086
25457087 25505567
25505568 25556421
25556422 25622816
25622817 25659677
25659678 25701819
25701820 25766039
25766040 25819564
25819565 25846633
25846634 25856495
25856496 25899740
25899741 25962165
25962166 25995861
25995862 26057167
26057168 26105413
26105414 26153309
26153310 26197521
26197522 26239435
26239436 26320165
26320166 26404478
26404479 26437472
26437473 26488276
26488277 26546776
26546777 26593479
26593480 26621533
26621534 26627012
26627013 26679545
26679546 26737361
26737362 26778015
26778016 26820993
26820994 26865876
26865877 26904128
26904129 26936552
26936553 26981183
26981184 27043136
27043137 27098551
27098552 27148227
27148228 27203627
27203628 27252393
27252394 27295009
27295010 27321840
27321841 27327534
27327535 27361397
27361398 27371922
27371923 27376168
27376169 27384935
27384936 27389049
27389050 27417362
27417363 27474956
27474957 27541976
27541977 27583953
27583954 27589190
27589191 27592247
27592248 27601298
27601299 27610052
27610053 27614077
27614078 27617811
27617812 27618944
27618945 27623224
27623225 27627528
27627529 27631447
27631448 27636598
27636599 27640447
27640448 27643539
27643540 27646937
27646938 27653065
27653066 27657779
27657780 27700974
27700975 27740262
27740263 27768843
27768844 27807519
27807520 27852177
27852178 27888232
27888233 27892483
27892484 27938472
27938473 27989751
27989752 28023583
28023584 28087484
28087485 28129265
28129266 28160251
28160252 28201239
28201240 28236956
28236957 28296242
28296243 28407182
28407183 28446679
28446680 28528286
28528287 28593086
28593087 28641952
28641953 28664463
28664464 28669209
28669210 28704991
28704992 28785426
28785427 28820260
28820261 28885346
28885347 28935603
28935604 28979100
28979101 29007127
29007128 29054104
29054105 29106044
29106045 29158536
29158537 29193335
29193336 29271701
29271702 29326413
29326414 29374304
29374305 29400335
29400336 29412719
29412720 29452749
29452750 29457862
29457863 29465946
29465947 29481919
29481920 29494496
29494497 29524392
29524393 29553485
29553486 29648655
29648656 29689273
29689274 29756510
29756511 29786697
29786698 29842459
29842460 29884995
29884996 29924909
29924910 29948758
29948759 29953621
29953622 29988074
29988075 30031457
30031458 30057368
30057369 30082110
30082111 30110500
30110501 30138861
30138862 30162340
30162341 30196546
30196547 30232726
30232727 30274267
30274268 30297459
30297460 30330585
30330586 30371295
30371296 30417391
30417392 30438886
30438887 30443677
30443678 30479032
30479033 30526271
30526272 30555090
30555091 30607275
30607276 30646976
30646977 30678726
30678727 30707101
30707102 30754036
30754037 30811008
30811009 30878354
30878355 30906632
30906633 30942117
30942118 30991910
30991911 31027894
31027895 31048894
31048895 31051834
31051835 31082482
31082483 31134167
31134168 31172616
31172617 31201522
31201523 31234254
31234255 31281008
31281009 31307409
31307410 31341670
31341671 31401239
31401240 31444713
31444714 31475627
31475628 31516790
31516791 31559592
31559593 31592728
31592729 31625469
31625470 31628680
31628681 31664336
31664337 31667568
31667569 31670073
31670074 31673444
31673445 31676925
31676926 31707499
31707500 31753855
31753856 31794669
31794670 31847801
31847802 31910559
31910560 31941080
31941081 32009430
32009431 32061312
32061313 32107755
32107756 32134318
32134319 32137854
32137855 32190495
32190496 32231938
32231939 32274675
32274676 32319179
32319180 32362602
32362603 32398574
32398575 32428830
32428831 32472581
32472582 32524990
32524991 32575020
32575021 32602991
32602992 32634180
32634181 32680878
32680879 32734272
32734273 32769239
32769240 32777259
32777260 32837862
32837863 32878868
32878869 32904933
32904934 32938576
32938577 32978675
32978676 33035715
33035716 33096999
33097000 33160141
33160142 33262794
33262795 33438753
33438754 33499706
33499707 33581227
33581228 33720877
33720878 33781267
33781268 33808598
33808599 33813983
33813984 33859951
33859952 33917186
33917187 33949163
33949164 33985606
33985607 34031132
34031133 34133339
34133340 34180076
34180077 34243217
34243218 34339900
34339901 34420620
34420621 34468246
34468247 34516231
34516232 34593854
34593855 34639879
34639880 34666699
34666700 34670052
34670053 34710525
34710526 34715671
34715672 34719138
34719139 34723319
34723320 34732660
34732661 34776180
34776181 34802621
34802622 34844712
34844713 34898699
34898700 34969848
34969849 35003763
35003764 35046651
35046652 35103238
35103239 35151635
35151636 35176952
35176953 35180301
35180302 35219155
35219156 35258412
35258413 35283469
35283470 35307758
35307759 35339098
35339099 35385672
35385673 35411168
35411169 35449597
35449598 35502805
35502806 35601978
35601979 35671353
35671354 35719755
35719756 35913660
35913661 35970968
35970969 36011815
36011816 36016484
36016485 36082017
36082018 36143357
36143358 36184421
36184422 36230458
36230459 36313779
36313780 36399356
36399357 36460771
36460772 36521985
36521986 36681116
36681117 36758302
36758303 36792778
36792779 36834299
36834300 36892317
36892318 36951748
36951749 36989102
36989103 36999579
36999580 37051104
37051105 37106216
37106217 37136770
37136771 37172131
37172132 37213582
37213583 37262582
37262583 37303619
37303620 37355787
37355788 37426337
37426338 37470621
37470622 37505228
37505229 37552549
37552550 37605829
37605830 37671363
37671364 37697455
37697456 37701901
37701902 37743941
37743942 37747000
37747001 37752485
37752486 37755514
37755515 37759775
37759776 37793745
37793746 37833811
37833812 37877808
37877809 37930266
37930267 37934942
37934943 37937480
37937481 37943329
37943330 37948332
37948333 37954111
37954112 37958810
37958811 37960859
37960860 37969601
37969602 37972566
37972567 37975128
37975129 37978460
37978461 37981624
37981625 37985936
37985937 37989604
37989605 37997059
37997060 38002855
38002856 38046221
38046222 38079568
38079569 38112265
38112266 38169513
38169514 38241068
38241069 38283303
38283304 38294142
38294143 38361680
38361681 38411755
38411756 38449116
38449117 38487483
38487484 38541789
38541790 38586768
38586769 38634262
38634263 38684216
38684217 38768218
38768219 38875792
38875793 38919955
38919956 38982849
38982850 39056939
39056940 39110371
39110372 39136456
39136457 39142062
39142063 39184181
39184182 39251403
39251404 39285835
39285836 39330005
39330006 39375075
39375076 39431225
39431226 39468840
39468841 39523102
39523103 39588082
39588083 39646542
39646543 39679098
39679099 39728529
39728530 39779434
39779435 39826288
39826289 39857709
39857710 39861612
39861613 39915406
39915407 39919023
39919024 39922431
39922432 39927647
39927648 39932465
39932466 39972953
39972954 40004474
40004475 40057631
40057632 40109775
40109776 40188411
40188412 40217735
40217736 40269219
40269220 40322734
40322735 40374063
40374064 40404983
40404984 40413622
40413623 40462444
40462445 40515695
40515696 40542944
40542945 40586707
40586708 40621480
40621481 40669336
40669337 40695057
40695058 40756521
40756522 40803849
40803850 40872423
40872424 40909918
40909919 40947287
40947288 41025967
41025968 41073447
41073448 41111592
41111593 41115521
41115522 41172570
41172571 41231071
41231072 41274785
41274786 41326797
41326798 41398941
41398942 41456689
41456690 41507285
41507286 41573786
41573787 41667567
41667568 41781991
41781992 41823477
41823478 41871871
41871872 41950604
41950605 42027634
42027635 42059128
42059129 42063980
42063981 42113428
42113429 42163883
42163884 42204510
42204511 42240038
42240039 42282427
42282428 42368467
42368468 42415017
42415018 42470919
42470920 42591713
42591714 42669454
42669455 42715072
42715073 42775847
42775848 42851257
42851258 42915174
42915175 42955216
42955217 42959452
42959453 43023801
43023802 43028952
43028953 43031915
43031916 43036886
43036887 43042905
43042906 43107130
43107131 43174493
43174494 43245591
43245592 43334483
43334484 43401872
43401873 43432735
43432736 43476554
43476555 43534553
43534554 43585743
43585744 43617772
43617773 43622490
43622491 43681361
43681362 43724026
43724027 43752874
43752875 43783901
43783902 43824610
43824611 43880500
43880501 43914688
43914689 43972894
43972895 44043208
44043209 44152851
44152852 44211316
44211317 44268085
44268086 44409351
44409352 44509085
44509086 44578430
44578431 44584536
44584537 44717211
44717212 44796539
44796540 44852893
44852894 44919866
44919867 45010475
45010476 45167818
45167819 45286068
45286069 45401727
45401728 45648951
45648952 45814688
45814689 45887912
45887913 45969417
45969418 46083958
46083959 46162029
46162030 46202448
46202449 46209138
46209139 46271380
46271381 46356422
46356423 46402613
46402614 46460822
46460823 46530271
46530272 46617959
46617960 46667373
46667374 46742654
46742655 46822006
46822007 46889055
46889056 46924091
46924092 46974355
46974356 47040606
47040607 47077592
47077593 47105193
47105194 47108527
47108528 47155331
47155332 47160575
47160576 47163581
47163582 47167243
47167244 47174179
47174180 47203902
47203903 47234960
47234961 47268411
47268412 47313664
47313665 47382884
47382885 47424246
47424247 47472505
47472506 47522371
47522372 47569663
47569664 47597680
47597681 47606189
47606190 47641494
47641495 47692925
47692926 47728112
47728113 47760083
47760084 47797464
47797465 47836290
47836291 47867244
47867245 47911809
47911810 47954437
47954438 48025935
48025936 48055664
48055665 48093642
48093643 48154576
48154577 48198281
48198282 48228559
48228560 48231801
48231802 48274230
48274231 48329091
48329092 48359349
48359350 48402905
48402906 48451348
48451349 48501545
48501546 48546537
48546538 48580534
48580535 48660428
48660429 48736363
48736364 48768400
48768401 48807819
48807820 48866245
48866246 48975926
48975927 49018990
49018991 49028812
49028813 49072180
49072181 49138444
49138445 49183028
49183029 49227448
49227449 49276540
49276541 49338237
49338238 49376398
49376399 49436512
49436513 49501194
49501195 49547940
49547941 49606062
49606063 49644986
49644987 49706553
49706554 49757733
49757734 49789450
49789451 49798427
49798428 49832328
49832329 49836829
49836830 49846029
49846030 49849944
49849945 49858541
49858542 49887709
49887710 49932547
49932548 49986255
49986256 50026608
50026609 50032733
50032734 50036417
50036418 50044953
50044954 50052552
50052553 50059557
50059558 50079070
50079071 50080693
50080694 50086928
50086929 50093046
50093047 50098282
50098283 50103736
50103737 50112062
50112063 50119828
50119829 50125592
50125593 50138103
50138104 50147288
50147289 50181311
50181312 50205101
50205102 50227385
50227386 50265477
50265478 50307460
50307461 50352831
50352832 50357038
50357039 50405694
50405695 50454619
50454620 50521819
50521820 50562361
50562362 50617246
50617247 50659623
50659624 50701062
50701063 50745503
50745504 50822162
50822163 50932545
50932546 50974687
50974688 51041379
51041380 51111869
51111870 51166197
51166198 51192999
51193000 51199649
51199650 51240347
51240348 51317728
51317729 51364135
51364136 51419787
51419788 51473602
51473603 51520707
51520708 51552275
51552276 51602991
51602992 51653830
51653831 51714841
51714842 51766522
51766523 51820775
51820776 51873704
51873705 51929182
51929183 51963344
51963345 51969750
51969751 52065053
52065054 52070721
52070722 52075227
52075228 52080773
52080774 52086653
52086654 52137305
52137306 52179446
52179447 52226512
52226513 52276893
52276894 52347925
52347926 52377140
52377141 52462922
52462923 52506729
52506730 52573124
52573125 52607920
52607921 52626733
52626734 52693692
52693693 52746119
52746120 52778298
52778299 52809584
52809585 52847910
52847911 52883357
52883358 52908206
52908207 52961201
52961202 53003873
53003874 53051183
53051184 53074795
53074796 53107688
53107689 53150309
53150310 53188650
53188651 53214985
53214986 53218320
53218321 53265679
53265680 53331644
53331645 53362873
53362874 53425677
53425678 53476738
53476739 53514517
53514518 53551734
53551735 53585065
53585066 53658835
53658836 53737893
53737894 53764158
53764159 53797293
53797294 53852569
53852570 53903203
53903204 53926680
53926681 53932250
53932251 53966550
53966551 54008422
54008423 54034185
54034186 54063300
54063301 54102386
54102387 54175421
54175422 54209623
54209624 54266645
54266646 54333647
54333648 54384522
54384523 54427423
54427424 54471639
54471640 54526332
54526333 54570745
54570746 54606137
54606138 54609964
54609965 54656934
54656935 54661488
54661489 54665452
54665453 54668609
54668610 54674325
54674326 54714032
54714033 54769430
54769431 54820297
54820298 54879897
54879898 54941673
54941674 54969487
54969488 55018164
55018165 55069879
55069880 55116416
55116417 55163058
55163059 55168581
55168582 55213309
55213310 55267008
55267009 55303241
55303242 55338600
55338601 55391497
55391498 55442152
55442153 55479741
55479742 55540346
55540347 55606581
55606582 55664693
55664694 55696844
55696845 55733300
55733301 55796452
55796453 55861897
55861898 55907286
55907287 55912136
55912137 55991576
55991577 56038515
56038516 56076796
56076797 56111652
56111653 56169523
56169524 56259756
56259757 56338026
56338027 56412899
56412900 56558000
56558001 56644564
56644565 56685627
56685628 56753937
56753938 56820466
56820467 56876147
56876148 56903550
56903551 56908333
56908334 56941453
56941454 56993057
56993058 57021751
57021752 57063575
57063576 57105239
57105240 57145370
57145371 57171112
57171113 57205386
57205387 57247479
57247480 57297104
57297105 57336870
57336871 57387509
57387510 57439162
57439163 57505858
57505859 57548315
57548316 57559296
57559297 57611009
57611010 57617052
57617053 57627621
57627622 57634009
57634010 57643167
57643168 57672776
57672777 57705413
57705414 57768483
57768484 57815398
57815399 57879004
57879005 57909435
57909436 57958163
57958164 57996353
57996354 58061145
58061146 58128791
58128792 58134443
58134444 58198119
58198120 58259228
58259229 58329218
58329219 58367978
58367979 58409925
58409926 58444059
58444060 58476036
58476037 58516490
58516491 58562248
58562249 58603793
58603794 58626302
58626303 58652290
58652291 58698026
58698027 58750285
58750286 58788759
58788760 58793695
58793696 58855117
58855118 58898264
58898265 58936523
58936524 58975614
58975615 59034764
59034765 59077226
59077227 59127291
59127292 59170976
59170977 59255961
59255962 59333057
59333058 59360817
59360818 59403298
59403299 59433777
59433778 59479283
59479284 59530790
59530791 59537921
59537922 59582422
59582423 59633657
59633658 59709663
59709664 59783295
59783296 59826858
59826859 59854228
59854229 59896745
59896746 59932200
59932201 59984904
59984905 60027398
60027399 60067826
60067827 60112360
60112361 60156084
60156085 60196799
60196800 60216124
60216125 60222834
60222835 60247577
60247578 60252938
60252939 60260414
60260415 60266380
60266381 60276594
60276595 60296535
60296536 60330046
60330047 60361399
60361400 60399121
60399122 60403688
60403689 60408325
60408326 60418948
60418949 60422111
60422112 60427040
60427041 60441901
60441902 60443728
60443729 60448838
60448839 60453662
60453663 60467506
60467507 60482274
60482275 60486599
60486600 60489681
60489682 60499501
60499502 60504993
60504994 60509649
60509650 60538645
60538646 60558761
60558762 60581457
60581458 60605669
60605670 60643399
60643400 60690082
60690083 60694873
60694874 60739366
60739367 60777873
60777874 60813581
60813582 60852256
60852257 60892995
60892996 60918837
60918838 60961857
60961858 60993593
60993594 61050008
61050009 61055310
61055311 61057720
61057721 61062630
61062631 61067555
61067556 61070960
61070961 61074854
61074855 61075777
61075778 61079264
61079265 61090528
61090529 61094796
61094797 61106311
61106312 61115568
61115569 61118107
61118108 61120533
61120534 61123845
61123846 61127590
61127591 61132174
61132175 61136897
61136898 61142048
61142049 61147053
61147054 61155251
61155252 61165039
61165040 61167779
61167780 61183669
61183670 61184642
61184643 61188363
61188364 61190291
61190292 61191398
61191399 61194147
61194148 61198264
61198265 61203605
61203606 61208489
61208490 61212774
61212775 61215595
61215596 61220594
61220595 61223634
61223635 61227926
61227927 61237531
61237532 61239200
61239201 61247812
61247813 61257859
61257860 61269757
61269758 61276011
61276012 61285883
61285884 61288538
61288539 61291410
61291411 61295421
61295422 61298786
61298787 61302633
61302634 61304586
61304587 61307483
61307484 61311634
61311635 61315960
61315961 61320040
61320041 61320925
61320926 61334963
61334964 61340625
61340626 61346461
61346462 61353037
61353038 61360460
61360461 61363564
61363565 61367352
61367353 61370892
61370893 61378305
61378306 61423626
61423627 61445198
61445199 61472851
61472852 61508445
61508446 61540113
61540114 61562699
61562700 61566074
61566075 61595328
61595329 61627993
61627994 61649101
61649102 61681627
61681628 61704629
61704630 61733839
61733840 61755103
61755104 61784667
61784668 61824596
61824597 61874624
61874625 61911387
61911388 61983128
61983129 62026935
62026936 62080344
62080345 62168511
62168512 62178013
62178014 62242355
62242356 62247957
62247958 62253283
62253284 62264927
62264928 62272625
62272626 62304554
62304555 62353452
62353453 62408828
62408829 62464027
62464028 62516909
62516910 62558093
62558094 62612808
62612809 62647790
62647791 62689070
62689071 62746333
62746334 62751309
62751310 62794470
62794471 62843166
62843167 62900266
62900267 62973381
62973382 63007352
63007353 63065167
63065168 63103329
63103330 63147792
63147793 63190401
63190402 63228564
63228565 63251090
63251091 63276652
63276653 63313409
63313410 63364748
63364749 63420343
63420344 63425557
63425558 63487196
63487197 63528963
63528964 63561900
63561901 63603702
63603703 63645467
63645468 63694081
63694082 63751982
63751983 63810133
63810134 63891367
63891368 63899505
63899506 63905031
63905032 63910178
63910179 63916438
63916439 63920749
63920750 63923299
63923300 63923932
63923933 63931979
63931980 63937431
63937432 63941168
63941169 63946306
63946307 63951156
63951157 63956072
63956073 63959655
63959656 63964603
63964604 63970229
63970230 63974196
63974197 63977495
63977496 63984268
63984269 63988070
63988071 63991260
63991261 63994377
63994378 63995028
63995029 64000024
64000025 64000695
64000696 64001470
64001471 64002296
64002297 64003134
64003135 64005488
64005489 64008512
64008513 64012000
64012001 64016042
64016043 64023353
64023354 64037265
64037266 64042944
64042945 64053682
64053683 64058004
64058005 64062153
64062154 64063331
64063332 64067577
64067578 64073720
64073721 64083653
64083654 64088344
64088345 64097535
64097536 64105241
64105242 64108469
64108470 64112842
64112843 64118534
64118535 64122520
64122521 64124728
64124729 64128250
64128251 64132932
64132933 64137484
64137485 64141181
64141182 64141710
64141711 64151608
64151609 64156107
64156108 64159625
64159626 64164534
64164535 64169210
64169211 64172885
64172886 64180850
64180851 64184091
64184092 64191384
64191385 64196467
64196468 64199307
64199308 64203256
64203257 64208048
64208049 64213385
64213386 64220118
64220119 64221676
64221677 64225183
64225184 64230045
64230046 64234988
64234989 64239704
64239705 64245278
64245279 64248843
64248844 64252249
64252250 64257792
64257793 64262149
64262150 64266134
64266135 64278438
64278439 64283600
64283601 64292348
64292349 64304861
64304862 64311560
64311561 64319244
64319245 64323991
64323992 64324834
64324835 64327803
64327804 64329553
64329554 64330783
64330784 64334252
64334253 64347874
64347875 64366708
64366709 64372401
64372402 64372990
64372991 64373696
64373697 64374840
64374841 64376975
64376976 64378394
64378395 64383986
64383987 64385506
64385507 64386600
64386601 64387574
64387575 64389340
64389341 64391420
64391421 64394479
64394480 64394936
64394937 64395926
64395927 64397492
64397493 64398209
64398210 64401320
64401321 64403927
64403928 64406165
64406166 64409528
64409529 64414079
64414080 64418748
64418749 64419911
64419912 64427841
64427842 64432473
64432474 64438317
64438318 64443997
64443998 64449271
64449272 64452225
64452226 64457013
64457014 64465461
64465462 64471925
64471926 64478037
64478038 64480898
64480899 64486341
64486342 64490350
64490351 64493999
64494000 64496427
64496428 64497716
64497717 64500961
64500962 64506480
64506481 64511739
64511740 64521198
64521199 64528405
64528406 64531266
64531267 64536775
64536776 64540650
64540651 64544554
64544555 64548587
64548588 64552671
64552672 64558351
64558352 64562168
64562169 64569132
64569133 64574352
64574353 64577583
64577584 64590101
64590102 64591087
64591088 64592890
64592891 64595431
64595432 64596569
64596570 64602722
64602723 64612698
64612699 64619238
64619239 64624285
64624286 64630563
64630564 64634044
64634045 64650879
64650880 64655356
64655357 64664757
64664758 64669208
64669209 64676751
64676752 64682581
64682582 64689172
64689173 64695671
64695672 64702708
64702709 64712262
64712263 64715494
64715495 64718623
64718624 64727537
64727538 64735798
64735799 64739080
64739081 64741346
64741347 64744278
64744279 64747515
64747516 64750577
64750578 64753185
64753186 64753836
64753837 64758268
64758269 64764839
64764840 64768466
64768467 64779324
64779325 64784744
64784745 64787295
64787296 64790703
64790704 64793940
64793941 64800339
64800340 64805900
64805901 64808693
64808694 64812892
64812893 64817624
64817625 64821612
64821613 64824078
64824079 64824588
64824589 64827410
64827411 64831737
64831738 64834499
64834500 64837934
64837935 64841893
64841894 64847919
64847920 64851778
64851779 64857527
64857528 64864059
64864060 64867905
64867906 64872078
64872079 64876166
64876167 64881732
64881733 64886057
64886058 64890708
64890709 64891898
64891899 64896755
64896756 64897251
64897252 64898157
64898158 64899058
64899059 64899933
64899934 64903582
64903583 64917680
64917681 64924362
64924363 64930811
64930812 64939916
64939917 64944431
64944432 64956556
64956557 64966869
64966870 64973975
64973976 64983618
64983619 64985157
64985158 64990675
64990676 64997527
64997528 65003710
65003711 65010889
65010890 65023158
65023159 65028775
65028776 65033930
65033931 65043663
65043664 65051960
65051961 65056693
65056694 65059507
65059508 65063262
65063263 65068620
65068621 65073590
65073591 65078329
65078330 65078934
65078935 65085863
65085864 65090604
65090605 65094409
65094410 65099144
65099145 65104803
65104804 65111455
65111456 65118675
65118676 65125356
65125357 65137774
65137775 65228678
65228679 65257757
65257758 65298094
65298095 65353978
65353979 65392618
65392619 65410911
65410912 65414804
65414805 65445419
65445420 65483391
65483392 65506005
65506006 65531955
65531956 65562888
65562889 65607774
65607775 65631827
65631828 65669043
65669044 65732990
65732991 65783294
65783295 65805955
65805956 65849389
65849390 65886346
65886347 65922633
65922634 65943918
65943919 65946955
65946956 65979479
65979480 65982805
65982806 65985599
65985600 65988621
65988622 65993793
65993794 66032340
66032341 66067683
66067684 66100953
66100954 66145630
66145631 66200308
66200309 66220300
66220301 66251422
66251423 66284317
66284318 66313360
66313361 66335511
66335512 66337862
66337863 66366153
66366154 66400922
66400923 66424742
66424743 66447590
66447591 66476442
66476443 66499711
66499712 66518095
66518096 66540262
66540263 66576595
66576596 66628988
66628989 66653074
66653075 66682293
66682294 66731107
66731108 66767918
66767919 66791623
66791624 66795054
66795055 66836819
66836820 66875162
66875163 66900224
66900225 66926645
66926646 66973190
66973191 67017401
67017402 67060310
67060311 67098402
67098403 67179558
67179559 67263979
67263980 67294270
67294271 67343158
67343159 67386306
67386307 67439012
67439013 67474884
67474885 67487113
67487114 67555429
67555430 67608785
67608786 67675770
67675771 67731262
67731263 67775679
67775680 67814307
67814308 67853688
67853689 67901824
67901825 67967402
67967403 68015313
68015314 68056540
68056541 68122641
68122642 68174019
68174020 68258575
68258576 68300486
68300487 68317085
68317086 68372186
68372187 68376425
68376426 68385675
68385676 68390670
68390671 68399685
68399686 68434162
68434163 68484729
68484730 68570717
68570718 68629786
68629787 68639094
68639095 68642616
68642617 68648267
68648268 68654029
68654030 68657574
68657575 68663017
68663018 68664237
68664238 68673224
68673225 68677701
68677702 68694256
68694257 68704928
68704929 68709595
68709596 68712742
68712743 68717919
68717920 68726310
68726311 68732039
68732040 68772389
68772390 68813675
68813676 68845208
68845209 68886340
68886341 68937150
68937151 68986967
68986968 68992468
68992469 69081947
69081948 69138021
69138022 69190315
69190316 69239120
69239121 69315266
69315267 69355498
69355499 69414387
69414388 69462387
69462388 69552853
69552854 69634995
69634996 69666452
69666453 69722005
69722006 69782830
69782831 69824588
69824589 69860933
69860934 69865123
69865124 69906302
69906303 69973697
69973698 70009145
70009146 70080344
70080345 70126258
70126259 70166323
70166324 70193083
70193084 70237008
70237009 70288886
70288887 70347692
70347693 70396854
70396855 70454048
70454049 70503570
70503571 70551226
70551227 70591434
70591435 70597239
70597240 70675713
70675714 70679862
70679863 70685061
70685062 70690371
70690372 70696091
70696092 70730395
70730396 70769639
70769640 70824219
70824220 70881824
70881825 70945514
70945515 70973072
70973073 71039502
71039503 71087073
71087074 71129869
71129870 71178169
71178170 71183412
71183413 71239879
71239880 71325115
71325116 71381315
71381316 71425797
71425798 71483678
71483679 71516289
71516290 71551218
71551219 71590525
71590526 71631608
71631609 71700198
71700199 71728223
71728224 71771507
71771508 71819552
71819553 71866562
71866563 71897255
71897256 71904285
71904286 71972124
71972125 72026971
72026972 72066145
72066146 72116991
72116992 72177234
72177235 72217896
72217897 72263064
72263065 72313533
72313534 72393445
72393446 72464308
72464309 72492254
72492255 72526473
72526474 72574662
72574663 72614998
72614999 72637446
72637447 72641497
72641498 72676654
72676655 72712873
72712874 72737771
72737772 72765063
72765064 72793836
72793837 72840203
72840204 72869315
72869316 72902430
72902431 72965981
72965982 73023849
73023850 73065735
73065736 73121182
73121183 73183877
73183878 73246508
73246509 73299923
73299924 73305537
73305538 73386359
73386360 73390660
73390661 73394623
73394624 73399573
73399574 73405735
73405736 73454679
73454680 73516205
73516206 73582565
73582566 73667054
73667055 73735877
73735878 73761610
73761611 73811072
73811073 73852300
73852301 73890917
73890918 73925516
73925517 73929421
73929422 73980150
73980151 74022549
74022550 74063870
74063871 74106554
74106555 74144390
74144391 74184897
74184898 74217412
74217413 74257492
74257493 74311483
74311484 74384143
74384144 74421673
74421674 74462432
74462433 74544442
74544443 74612126
74612127 74675410
74675411 74680547
74680548 74790752
74790753 74853328
74853329 74904038
74904039 74971965
74971966 75050211
75050212 75136376
75136377 75225912
75225913 75308177
75308178 75462304
75462305 75614420
75614421 75688664
75688665 75777878
75777879 75895090
75895091 75965468
75965469 76012522
76012523 76019586
76019587 76081530
76081531 76176581
76176582 76217230
76217231 76274325
76274326 76325541
76325542 76426339
76426340 76474171
76474172 76552510
76552511 76633139
76633140 76686374
76686375 76719106
76719107 76764423
76764424 76814423
76814424 76850527
76850528 76877903
76877904 76881369
76881370 76909709
76909710 76914144
76914145 76917508
76917509 76921445
76921446 76926931
76926932 76960878
76960879 77002470
77002471 77039544
77039545 77083470
77083471 77176787
77176788 77215077
77215078 77274506
77274507 77321264
77321265 77370669
77370670 77402857
77402858 77407440
77407441 77448811
77448812 77514402
77514403 77547020
77547021 77590633
77590634 77623135
77623136 77660177
77660178 77695206
77695207 77737292
77737293 77784366
77784367 77850559
77850560 77884548
77884549 77927480
77927481 77988650
77988651 78034707
78034708 78062871
78062872 78070912
78070913 78115095
78115096 78174489
78174490 78207457
78207458 78257772
78257773 78307821
78307822 78357322
78357323 78399483
78399484 78444481
78444482 78522803
78522804 78589641
78589642 78611731
78611732 78643612
78643613 78677853
78677854 78730793
78730794 78751950
78751951 78757168
78757169 78786998
78786999 78847551
78847552 78870765
78870766 78908993
78908994 78939592
78939593 78975397
78975398 78999047
78999048 79036571
79036572 79086301
79086302 79117787
79117788 79139487
79139488 79174679
79174680 79200590
79200591 79228094
79228095 79247052
79247053 79250235
79250236 79273859
79273860 79276744
79276745 79279119
79279120 79281957
79281958 79284795
79284796 79305202
79305203 79338871
79338872 79363497
79363498 79392441
79392442 79396874
79396875 79399435
79399436 79404514
79404515 79408111
79408112 79411786
79411787 79414687
79414688 79415693
79415694 79419085
79419086 79426377
79426378 79429186
79429187 79439048
79439049 79442247
79442248 79446027
79446028 79448962
79448963 79454804
79454805 79459675
79459676 79487154
79487155 79509525
79509526 79527663
79527664 79553596
79553597 79583794
79583795 79611111
79611112 79614245
79614246 79646685
79646686 79677811
79677812 79699949
79699950 79732540
79732541 79762550
79762551 79790418
79790419 79825286
79825287 79856313
79856314 79906737
79906738 80015701
80015702 80058000
80058001 80119815
80119816 80187296
80187297 80248741
80248742 80286350
80286351 80300395
80300396 80347787
80347788 80432851
80432852 80461484
80461485 80510355
80510356 80545244
80545245 80593085
80593086 80629399
80629400 80684918
80684919 80737275
80737276 80779024
80779025 80801234
80801235 80841461
80841462 80872808
80872809 80924290
80924291 80952148
80952149 80962166
80962167 80991121
80991122 80998698
80998699 81002151
81002152 81006357
81006358 81009604
81009605 81037112
81037113 81065272
81065273 81107541
81107542 81140713
81140714 81206774
81206775 81231239
81231240 81282567
81282568 81322778
81322779 81382764
81382765 81424678
81424679 81438333
81438334 81496108
81496109 81545847
81545848 81570523
81570524 81604183
81604184 81631151
81631152 81660845
81660846 81693869
81693870 81738886
81738887 81783642
81783643 81815153
81815154 81832134
81832135 81867928
81867929 81894688
81894689 81925768
81925769 81946265
81946266 81949320
81949321 81987114
81987115 82032404
82032405 82065941
82065942 82098404
82098405 82128426
82128427 82159029
82159030 82200760
82200761 82232711
82232712 82289365
82289366 82357309
82357310 82379418
82379419 82408542
82408543 82454816
82454817 82493258
82493259 82513812
82513813 82517725
82517726 82543811
82543812 82584540
82584541 82603205
82603206 82624889
82624890 82651048
82651049 82698224
82698225 82725398
82725399 82759743
82759744 82819736
82819737 82853751
82853752 82889865
82889866 82916785
82916786 82954731
82954732 82985564
82985565 83006293
83006294 83011616
83011617 83040021
83040022 83044682
83044683 83050974
83050975 83053428
83053429 83058545
83058546 83083591
83083592 83119773
83119774 83151266
83151267 83191928
83191929 83246655
83246656 83272298
83272299 83311272
83311273 83352323
83352324 83385310
83385311 83409081
83409082 83412524
83412525 83445408
83445409 83493668
83493669 83521430
83521431 83564145
83564146 83602530
83602531 83631281
83631282 83654721
83654722 83693746
83693747 83738643
83738644 83780623
83780624 83823519
83823520 83847260
83847261 83894170
83894171 83935514
83935515 83965414
83965415 83969030
83969031 84021022
84021023 84050525
84050526 84080757
84080758 84106696
84106697 84140852
84140853 84188330
84188331 84235949
84235950 84286154
84286155 84380577
84380578 84453892
84453893 84489310
84489311 84539994
84539995 84596538
84596539 84638620
84638621 84668395
84668396 84672231
84672232 84697956
84697957 84742431
84742432 84764818
84764819 84796613
84796614 84825048
84825049 84861350
84861351 84891787
84891788 84930205
84930206 84971753
84971754 85005584
85005585 85035249
85035250 85074073
85074074 85117418
85117419 85150520
85150521 85173239
85173240 85176887
85176888 85205322
85205323 85210777
85210778 85215806
85215807 85221408
85221409 85228960
85228961 85249922
85249923 85283253
85283254 85314719
85314720 85357789
85357790 85419404
85419405 85442997
85442998 85495248
85495249 85532490
85532491 85577548
85577549 85612881
85612882 85618805
85618806 85652723
85652724 85702833
85702834 85732677
85732678 85768012
85768013 85799468
85799469 85827204
85827205 85849206
85849207 85916091
85916092 85950507
85950508 85982710
85982711 86000737
86000738 86025948
86025949 86066971
86066972 86098929
86098930 86122224
86122225 86125731
86125732 86159819
86159820 86198526
86198527 86225552
86225553 86263417
86263418 86302792
86302793 86336477
86336478 86372049
86372050 86402436
86402437 86474385
86474386 86520567
86520568 86548186
86548187 86589213
86589214 86618102
86618103 86657180
86657181 86699442
86699443 86705523
86705524 86748400
86748401 86785432
86785433 86812353
86812354 86868776
86868777 86899243
86899244 86928199
86928200 86955975
86955976 86992673
86992674 87039039
87039040 87066603
87066604 87094150
87094151 87150465
87150466 87177833
87177834 87207824
87207825 87227603
87227604 87233889
87233890 87259411
87259412 87262820
87262821 87270953
87270954 87282977
87282978 87286713
87286714 87304099
87304100 87328140
87328141 87360265
87360266 87388570
87388571 87392785
87392786 87395262
87395263 87411609
87411610 87414205
87414206 87418527
87418528 87424864
87424865 87426722
87426723 87430647
87430648 87434099
87434100 87438073
87438074 87452142
87452143 87455061
87455062 87457389
87457390 87460295
87460296 87465634
87465635 87468980
87468981 87490806
87490807 87507461
87507462 87531376
87531377 87556790
87556791 87611147
87611148 87681387
87681388 87691546
87691547 87729974
87729975 87764188
87764189 87793803
87793804 87863246
87863247 87916278
87916279 87939708
87939709 87972893
87972894 88009628
88009629 88055229
88055230 88060695
88060696 88062624
88062625 88066425
88066426 88069488
88069489 88075393
88075394 88077655
88077656 88078540
88078541 88081145
88081146 88089201
88089202 88092306
88092307 88097491
88097492 88100333
88100334 88103522
88103523 88110074
88110075 88113924
88113925 88121850
88121851 88125138
88125139 88129048
88129049 88134403
88134404 88137724
88137725 88144970
88144971 88152634
88152635 88154514
88154515 88162478
88162479 88164762
88164763 88167209
88167210 88171006
88171007 88172185
88172186 88174195
88174196 88177452
88177453 88181864
88181865 88185201
88185202 88188823
88188824 88191107
88191108 88200392
88200393 88206053
88206054 88210660
88210661 88215218
88215219 88217988
88217989 88222328
88222329 88228009
88228010 88236043
88236044 88243922
88243923 88249394
88249395 88251598
88251599 88254019
88254020 88263370
88263371 88266692
88266693 88269338
88269339 88270897
88270898 88273674
88273675 88276989
88276990 88279831
88279832 88282966
88282967 88283780
88283781 88287883
88287884 88301090
88301091 88306059
88306060 88316600
88316601 88322251
88322252 88324921
88324922 88328183
88328184 88331202
88331203 88336407
88336408 88374466
88374467 88392790
88392791 88417536
88417537 88457995
88457996 88484879
88484880 88501962
88501963 88504736
88504737 88542856
88542857 88568139
88568140 88585946
88585947 88607424
88607425 88625352
88625353 88654402
88654403 88672558
88672559 88698712
88698713 88741013
88741014 88777484
88777485 88823000
88823001 88858488
88858489 88892984
88892985 88924805
88924806 88950077
88950078 88955300
88955301 88990220
88990221 88993440
88993441 88996576
88996577 89001066
89001067 89004335
89004336 89026909
89026910 89055041
89055042 89101844
89101845 89143833
89143834 89191554
89191555 89211882
89211883 89278835
89278836 89309979
89309980 89355139
89355140 89384634
89384635 89389689
89389690 89430334
89430335 89487852
89487853 89515221
89515222 89591520
89591521 89632944
89632945 89662058
89662059 89685514
89685515 89730472
89730473 89769975
89769976 89799507
89799508 89816491
89816492 89839018
89839019 89871066
89871067 89911461
89911462 89948984
89948985 89952786
89952787 89998513
89998514 90035928
90035929 90058103
90058104 90087011
90087012 90117785
90117786 90156596
90156597 90197958
90197959 90244782
90244783 90316555
90316556 90417740
90417741 90463715
90463716 90526305
90526306 90595798
90595799 90640254
90640255 90663533
90663534 90668343
90668344 90702887
90702888 90768478
90768479 90806120
90806121 90862100
90862101 90905954
90905955 90953656
90953657 90983261
90983262 91028472
91028473 91077996
91077997 91110006
91110007 91137577
91137578 91168363
91168364 91206762
91206763 91228278
91228279 91245736
91245737 91248353
91248354 91269557
91269558 91272824
91272825 91275942
91275943 91279963
91279964 91284593
91284594 91310466
91310467 91331230
91331231 91357448
91357449 91389771
91389772 91470215
91470216 91501946
91501947 91552310
91552311 91594701
91594702 91627004
91627005 91651198
91651199 91656050
91656051 91692570
91692571 91747946
91747947 91818764
91818765 91865834
91865835 91909824
91909825 91934160
91934161 91960857
91960858 92007137
92007138 92055383
92055384 92094187
92094188 92114743
92114744 92138691
92138692 92180944
92180945 92217364
92217365 92235617
92235618 92239276
92239277 92266140
92266141 92303615
92303616 92326996
92326997 92365867
92365868 92397250
92397251 92452897
92452898 92481087
92481088 92511293
92511294 92562100
92562101 92612156
92612157 92641373
92641374 92674839
92674840 92707255
92707256 92748039
92748040 92770055
92770056 92779524
92779525 92805701
92805702 92860209
92860210 92889308
92889309 92946693
92946694 92977798
92977799 93003585
93003586 93027318
93027319 93073967
93073968 93115031
93115032 93157745
93157746 93181188
93181189 93228540
93228541 93259285
93259286 93285432
93285433 93306479
93306480 93311024
93311025 93334853
93334854 93345157
93345158 93349755
93349756 93359351
93359352 93363056
93363057 93382620
93382621 93424350
93424351 93459147
93459148 93490457
93490458 93495040
93495041 93500603
93500604 93506114
93506115 93510777
93510778 93517270
93517271 93526213
93526214 93531744
93531745 93535444
93535445 93547301
93547302 93553438
93553439 93568105
93568106 93571835
93571836 93574434
93574435 93577284
93577285 93596901
93596902 93600482
93600483 93635526
93635527 93653140
93653141 93675325
93675326 93700486
93700487 93757920
93757921 93782252
93782253 93786534
93786535 93819338
93819339 93874819
93874820 93910604
93910605 93978793
93978794 94012177
94012178 94038007
94038008 94070744
94070745 94098606
94098607 94144667
94144668 94213293
94213294 94239708
94239709 94293428
94293429 94332863
94332864 94366240
94366241 94384955
94384956 94389647
94389648 94422597
94422598 94476964
94476965 94502163
94502164 94591341
94591342 94622293
94622294 94651004
94651005 94671839
94671840 94707400
94707401 94761363
94761364 94800843
94800844 94823017
94823018 94863725
94863726 94895249
94895250 94921464
94921465 94939584
94939585 94945042
94945043 94971672
94971673 94978967
94978968 94986568
94986569 94996382
94996383 95003592
95003593 95021741
95021742 95049731
95049732 95084645
95084646 95113911
95113912 95162500
95162501 95183314
95183315 95224831
95224832 95251027
95251028 95278270
95278271 95299623
95299624 95306589
95306590 95333967
95333968 95364954
95364955 95385374
95385375 95404907
95404908 95426675
95426676 95445032
95445033 95463492
95463493 95495646
95495647 95530912
95530913 95556376
95556377 95573727
95573728 95594956
95594957 95621873
95621874 95645908
95645909 95662968
95662969 95665995
95665996 95694081
95694082 95728539
95728540 95751625
95751626 95794413
95794414 95821258
95821259 95840995
95840996 95868947
95868948 95896700
95896701 95948866
95948867 95988342
95988343 96006286
96006287 96028980
96028981 96060623
96060624 96090059
96090060 96107404
96107405 96109984
96109985 96131055
96131056 96162315
96162316 96179181
96179182 96202004
96202005 96224491
96224492 96257017
96257018 96277734
96277735 96301237
96301238 96341444
96341445 96367640
96367641 96387686
96387687 96423743
96423744 96449350
96449351 96468478
96468479 96487022
96487023 96489334
96489335 96511903
96511904 96514801
96514802 96516943
96516944 96520794
96520795 96523531
96523532 96543972
96543973 96582254
96582255 96609249
96609250 96646092
96646093 96691164
96691165 96718013
96718014 96754050
96754051 96791431
96791432 96822564
96822565 96844971
96844972 96851830
96851831 96880086
96880087 96923057
96923058 96965662
96965663 97017978
97017979 97053218
97053219 97077304
97077305 97097782
97097783 97140540
97140541 97173995
97173996 97201520
97201521 97219755
97219756 97238172
97238173 97265833
97265834 97303608
97303609 97327213
97327214 97329772
97329773 97361755
97361756 97389122
97389123 97418755
97418756 97446193
97446194 97476820
97476821 97508695
97508696 97555631
97555632 97596499
97596500 97671682
97671684 97740105
97740106 97768645
97768646 97805966
97805967 97864611
97864612 97897410
97897411 97915484
97915485 97918269
97918270 97946448
97946449 97979452
97979453 97996568
97996569 98019082
98019083 98049110
98049111 98088216
98088217 98130738
98130739 98163289
98163290 98212296
98212297 98245133
98245134 98264949
98264950 98292767
98292768 98330499
98330500 98357914
98357915 98375362
98375363 98377613
98377614 98400610
98400611 98402846
98402847 98404390
98404391 98406409
98406410 98410710
98410711 98431511
98431512 98448450
98448451 98472074
98472075 98501753
98501754 98545813
98545814 98562415
98562416 98604028
98604029 98637249
98637250 98662246
98662247 98680270
98680271 98682865
98682866 98722405
98722406 98747815
98747816 98764224
98764225 98784175
98784176 98809151
98809152 98833741
98833742 98856195
98856196 98879997
98879998 98915554
98915555 98957503
98957504 98984176
98984177 99008805
99008806 99077832
99077833 99107476
99107477 99128129
99128130 99130303
99130304 99167816
99167817 99196184
99196185 99214196
99214197 99236676
99236677 99282291
99282292 99321065
99321066 99355454
99355455 99385449
99385450 99477624
99477625 99522364
99522365 99540575
99540576 99565905
99565906 99596849
99596850 99629178
99629179 99655676
99655677 99660041
99660042 99690560
99690561 99724801
99724802 99744969
99744970 99786180
99786181 99813778
99813779 99841634
99841635 99866885
99866886 99894778
99894779 99941180
99941181 99966366
99966367 99983901
99983902 100011069
100011070 100040453
100040454 100075850
100075851 100096548
100096549 100099892
100099893 100129484
100129485 100131716
100131717 100133904
100133905 100136736
100136737 100139857
100139858 100159145
100159146 100183195
100183196 100212602
100212603 100251710
100251711 100254558
100254559 100256158
100256159 100259716
100259717 100262244
100262245 100264557
100264558 100270117
100270118 100270752
100270753 100273807
100273808 100276095
100276096 100278504
100278505 100283080
100283081 100285406
100285407 100287675
100287676 100290205
100290206 100293884
100293885 100297497
100297498 100322851
100322852 100339311
100339312 100358711
100358712 100392502
100392503 100449068
100449069 100481338
100481339 100495231
100495232 100552608
100552609 100583940
100583941 100607375
100607376 100637959
100637960 100681402
100681403 100710840
100710841 100749348
100749349 100790925
100790926 100859175
100859176 100930462
100930463 100957664
100957665 100999268
100999269 101044979
101044980 101083686
101083687 101104246
101104247 101108495
101108496 101139563
101139564 101194412
101194413 101239933
101239934 101276752
101276753 101308649
101308650 101343110
101343111 101379269
101379270 101422581
101422582 101468315
101468316 101500481
101500482 101524678
101524679 101573553
101573554 101606652
101606653 101644445
101644446 101666644
101666645 101670780
101670781 101706618
101706619 101710440
101710441 101714520
101714521 101719312
101719313 101723938
101723939 101748542
101748543 101770619
101770620 101822860
101822861 101857629
101857630 101903843
101903844 101921132
101921133 101962385
101962386 101997686
101997687 102042784
102042785 102066323
102066324 102078457
102078458 102128489
102128490 102177112
102177113 102205001
102205002 102246078
102246079 102278694
102278695 102308458
102308459 102330251
102330252 102388595
102388596 102428273
102428275 102460368
102460369 102480438
102480439 102503153
102503154 102550701
102550702 102581086
102581087 102608610
102608611 102612037
102612038 102659099
102659100 102701905
102701906 102732437
102732438 102772209
102772210 102865200
102865201 102897891
102897892 102930707
102930708 102965824
102965825 103030863
103030864 103082771
103082772 103103273
103103274 103130808
103130809 103172776
103172777 103205511
103205512 103223545
103223546 103226300
103226301 103255096
103255097 103283333
103283334 103301834
103301835 103323653
103323654 103347588
103347589 103382975
103382976 103405489
103405490 103431841
103431842 103488825
103488826 103541304
103541305 103568122
103568123 103599867
103599868 103643805
103643806 103682367
103682368 103709059
103709060 103711935
103711936 103752083
103752084 103759713
103759714 103761520
103761521 103763958
103763959 103767600
103767601 103800314
103800315 103842863
103842864 103885629
103885630 103941020
103941021 103990794
103990795 104008713
104008714 104039503
104039504 104074369
104074370 104111038
104111039 104140470
104140471 104143427
104143428 104176537
104176538 104209179
104209180 104236432
104236433 104265018
104265019 104298123
104298124 104327976
104327977 104350114
104350115 104382430
104382431 104435980
104435981 104487867
104487868 104516945
104516946 104546211
104546212 104608088
104608089 104671018
104671019 104717365
104717366 104722862
104722863 104793927
104793928 104842016
104842017 104877377
104877378 104918678
104918679 104983044
104983045 105058129
105058130 105133280
105133281 105207372
105207373 105328134
105328136 105525848
105525849 105600135
105600136 105686053
105686054 105842013
105842014 105917807
105917808 105949029
105949030 105955568
105955569 106011879
106011880 106096147
106096148 106134607
106134608 106182506
106182507 106242868
106242869 106364250
106364251 106410873
106410874 106500576
106500577 106606514
106606515 106668197
106668198 106700491
106700492 106740742
106740743 106797637
106797638 106835442
106835443 106854874
106854875 106857504
106857505 106889209
106889210 106894223
106894224 106896871
106896872 106900015
106900016 106906069
106906070 106942844
106942845 106973770
106973771 107011099
107011100 107061471
107061472 107134190
107134191 107163666
107163667 107203918
107203919 107248651
107248652 107289956
107289957 107315650
107315651 107318697
107318698 107349911
107349912 107393774
107393775 107417148
107417149 107443226
107443227 107473236
107473237 107514960
107514961 107543067
107543068 107585655
107585656 107634284
107634285 107731912
107731913 107770635
107770636 107815197
107815198 107900345
107900346 107948392
107948393 108003807
108003808 108007518
108007519 108056224
108056225 108115324
108115325 108149184
108149185 108191785
108191786 108247446
108247447 108321037
108321038 108370882
108370883 108421494
108421495 108561391
108561392 108660773
108660774 108690699
108690700 108730939
108730940 108786707
108786708 108843463
108843464 108867557
108867558 108873057
108873058 108908481
108908482 108964739
108964740 108993662
108993663 109051215
109051216 109096291
109096292 109165882
109165883 109194387
109194388 109245130
109245131 109317516
109317517 109358635
109358636 109388550
109388551 109420649
109420650 109468483
109468484 109509784
109509785 109527950
109527951 109531238
109531239 109559334
109559335 109562468
109562469 109564779
109564780 109567430
109567431 109571245
109571246 109605923
109605924 109635553
109635554 109670524
109670525 109708806
109708807 109714056
109714057 109716159
109716160 109719240
109719241 109723538
109723539 109727621
109727622 109730325
109730326 109730775
109730776 109733924
109733925 109737780
109737781 109740077
109740078 109743254
109743255 109747090
109747091 109753853
109753854 109757475
109757476 109765412
109765413 109772638
109772639 109820127
109820128 109844698
109844699 109868129
109868130 109915048
109915049 109955518
109955519 109979885
109979886 109987364
109987365 110024997
110024998 110067204
110067205 110095107
110095108 110129221
110129222 110171182
110171183 110213141
110213142 110250049
110250050 110289011
110289012 110363095
110363096 110458390
110458391 110490831
110490832 110539228
110539229 110601666
110601667 110642975
110642976 110663395
110663396 110667169
110667170 110697815
110697816 110766947
110766948 110789490
110789491 110821572
110821573 110854491
110854492 110904737
110904738 110929800
110929801 110969388
110969389 111020873
111020874 111064816
111064817 111089423
111089424 111123574
111123575 111164152
111164153 111210206
111210207 111228196
111228197 111234513
111234514 111264899
111264900 111268025
111268026 111269993
111269994 111272723
111272724 111276147
111276148 111309627
111309628 111336943
111336944 111387672
111387673 111426023
111426024 111479555
111479556 111498871
111498872 111533718
111533719 111567940
111567941 111604495
111604496 111623149
111623150 111626706
111626707 111655095
111655096 111688538
111688539 111705936
111705937 111725725
111725726 111751318
111751319 111786648
111786649 111807701
111807702 111837212
111837213 111873763
111873764 111912851
111912852 111933322
111933323 111971748
111971749 112015460
112015461 112047085
112047086 112072815
112072816 112075066
112075067 112109347
112109348 112145597
112145598 112166716
112166717 112196271
112196272 112228124
112228125 112265607
112265608 112300025
112300026 112329980
112329981 112409336
112409337 112524967
112524968 112559859
112559860 112605696
112605697 112691842
112691843 112768871
112768872 112801423
112801424 112807394
112807395 112853798
112853799 112903340
112903341 112932785
112932786 112962179
112962180 113008838
113008839 113188469
113188470 113235863
113235864 113308749
113308750 113420699
113420700 113470766
113470767 113504692
113504693 113545336
113545337 113601265
113601266 113650693
113650694 113679104
113679105 113681988
113681989 113725322
113725323 113729086
113729087 113732215
113732216 113734728
113734729 113739712
113739713 113790377
113790378 113838471
113838472 113885275
113885276 113951162
113951163 114018071
114018072 114045887
114045888 114084048
114084049 114133103
114133104 114181618
114181619 114207810
114207811 114211517
114211518 114250008
114250009 114291672
114291673 114321083
114321084 114348568
114348569 114386943
114386944 114457374
114457375 114493489
114493490 114555126
114555127 114628787
114628788 114708670
114708671 114747885
114747886 114793002
114793003 114895256
114895257 114969721
114969722 115017386
115017387 115022441
115022442 115101045
115101046 115161766
115161767 115198057
115198058 115238680
115238681 115302626
115302627 115425081
115425082 115525835
115525836 115614535
115614536 115838321
115838322 115956107
115956108 116003301
116003302 116066011
116066012 116145175
116145176 116204694
116204695 116231872
116231873 116236522
116236523 116277347
116277348 116333990
116333991 116371672
116371673 116413018
116413019 116462131
116462132 116522564
116522565 116551716
116551717 116598115
116598116 116661262
116661263 116718929
116718930 116761739
116761740 116816314
116816315 116874875
116874876 116931377
116931378 116965184
116965185 116971568
116971569 117018970
117018971 117027744
117027745 117040901
117040902 117046521
117046522 117055146
117055147 117091402
117091403 117136129
117136130 117201945
117201946 117267831
117267832 117338590
117338591 117369873
117369874 117425735
117425736 117476067
117476068 117530180
117530181 117585334
117585335 117589968
117589969 117640959
117640960 117710491
117710492 117744757
117744758 117783750
117783751 117826201
117826202 117868635
117868636 117899728
117899729 117948775
117948776 118003909
118003910 118057636
118057637 118085957
118085958 118124554
118124555 118186624
118186625 118243430
118243431 118280865
118280866 118285352
118285353 118347602
118347603 118400475
118400476 118439336
118439337 118481917
118481918 118537440
118537441 118595879
118595880 118655461
118655462 118711581
118711582 118826560
118826561 118896457
118896458 118928825
118928826 118971130
118971131 119013955
119013956 119062536
119062537 119105044
119105045 119111870
119111871 119153665
119153666 119205937
119205938 119263565
119263566 119311871
119311872 119358245
119358246 119399719
119399720 119448053
119448054 119501955
119501956 119571163
119571164 119636473
119636474 119684699
119684700 119770156
119770157 119822816
119822817 119878521
119878522 119909370
119909371 119915993
119915994 119959977
119959978 119969847
119969848 119975405
119975406 119985431
119985432 119990799
119990800 120024045
120024046 120073536
120073537 120125691
120125692 120185364
120185365 120189406
120189407 120191587
120191588 120196108
120196109 120199116
120199117 120202685
120202686 120214438
120214439 120215418
120215419 120219682
120219683 120223530
120223531 120226961
120226962 120231867
120231868 120234845
120234846 120238613
120238614 120246024
120246025 120252116
120252117 120257858
120257859 120300010
120300011 120325566
120325567 120360352
120360353 120399818
120399819 120456988
120456989 120511673
120511674 120517743
120517744 120579808
120579809 120648910
120648911 120699007
120699008 120761300
120761301 120810275
120810276 120854009
120854010 120919604
120919605 120971598
120971599 121067712
121067713 121073310
121073311 121080852
121080853 121085228
121085229 121090202
121090203 121094009
121094010 121097080
121097081 121097609
121097610 121100872
121100873 121112433
121112434 121115698
121115699 121121310
121121311 121125354
121125355 121129003
121129004 121133685
121133686 121138350
121138351 121143407
121143408 121147356
121147357 121151149
121151150 121155157
121155158 121158910
121158911 121165897
121165898 121173077
121173078 121174046
121174047 121179132
121179133 121179804
121179805 121182031
121182032 121183053
121183054 121183672
121183673 121186793
121186794 121194318
121194319 121200151
121200152 121209768
121209769 121213921
121213922 121216187
121216188 121220428
121220429 121223543
121223544 121227514
121227515 121237681
121237682 121238566
121238567 121249202
121249203 121259176
121259177 121262604
121262605 121267986
121267987 121272301
121272302 121275317
121275318 121278082
121278083 121282645
121282646 121287223
121287224 121291301
121291302 121293585
121293586 121297079
121297080 121302244
121302245 121307530
121307531 121310812
121310813 121311529
121311530 121317855
121317856 121326500
121326501 121331869
121331870 121337884
121337885 121343594
121343595 121348469
121348470 121353109
121353110 121358367
121358368 121367396
121367397 121430664
121430665 121458727
121458728 121495042
121495043 121546620
121546621 121594420
121594421 121625584
121625585 121629806
121629807 121681623
121681624 121726046
121726047 121751193
121751194 121784573
121784574 121821168
121821169 121870686
121870687 121910725
121910726 121952547
121952548 122025266
122025267 122099921
122099922 122154514
122154515 122221785
122221786 122289805
122289806 122354294
122354295 122408401
122408402 122414083
122414084 122494533
122494534 122506133
122506134 122514091
122514092 122525403
122525404 122532076
122532077 122599771
122599772 122683542
122683543 122761398
122761399 122853555
122853556 122919036
122919037 122953693
122953694 123007676
123007677 123062683
123062684 123120856
123120857 123175185
123175186 123179975
123179976 123237546
123237547 123290025
123290026 123327654
123327655 123378448
123378449 123419105
123419106 123475413
123475414 123535788
123535789 123602270
123602271 123687478
123687479 123746901
123746902 123779732
123779733 123817802
123817803 123875475
123875476 123947544
123947545 124013451
124013452 124018972
124018973 124114099
124114100 124170594
124170595 124215297
124215298 124266988
124266989 124323815
124323816 124408881
124408882 124504167
124504168 124589373
124589374 124753391
124753392 124882068
124882069 124945353
124945354 125012727
125012728 125112899
125112900 125172101
125172102 125210329
125210330 125215268
125215269 125268689
125268690 125340701
125340702 125381032
125381033 125432277
125432278 125486554
125486555 125560405
125560406 125601999
125602000 125666488
125666489 125745181
125745182 125799406
125799407 125830078
125830079 125876970
125876971 125924366
125924367 125959071
125959072 125983668
125983669 125986967
125986968 126033569
126033570 126038835
126038836 126041780
126041781 126046069
126046070 126051536
126051537 126083077
126083078 126114033
126114034 126152241
126152242 126209333
126209334 126295148
126295149 126351092
126351093 126402299
126402300 126473813
126473814 126519574
126519575 126576819
126576820 126581404
126581405 126625948
126625949 126683747
126683748 126738343
126738344 126776787
126776788 126829453
126829454 126870207
126870208 126900091
126900092 126942269
126942270 126998416
126998417 127054682
127054683 127084052
127084053 127121677
127121678 127179210
127179211 127219708
127219709 127255979
127255980 127260453
127260454 127313829
127313830 127369825
127369826 127402315
127402316 127454351
127454352 127506159
127506160 127554468
127554469 127600953
127600954 127645422
127645423 127746317
127746318 127822826
127822827 127859193
127859194 127898066
127898067 127949063
127949064 128001904
128001905 128033005
128033006 128040137
128040138 128086749
128086750 128144264
128144265 128189801
128189802 128231467
128231468 128300944
128300945 128349804
128349805 128383089
128383090 128429239
128429240 128493458
128493459 128535061
128535062 128579936
128579937 128622865
128622866 128674402
128674403 128731920
128731921 128758921
128758922 128768300
128768301 128807718
128807719 128811681
128811682 128816310
128816311 128820611
128820612 128825481
128825482 128861945
128861946 128922183
128922184 128987836
128987837 129047807
129047808 129051657
129051658 129053988
129053989 129057470
129057471 129063435
129063436 129067372
129067373 129073857
129073858 129075380
129075381 129079322
129079323 129083039
129083040 129087492
129087493 129092660
129092661 129099320
129099321 129103469
129103470 129107125
129107126 129114182
129114183 129119326
129119327 129159564
129159565 129184916
129184917 129214408
129214409 129262869
129262870 129308197
129308198 129340377
129340378 129344796
129344797 129397571
129397572 129452325
129452326 129497219
129497220 129562059
129562060 129618651
129618652 129659972
129659973 129708906
129708907 129756151
129756152 129843110
129843111 129936675
129936676 129974991
129974992 130037288
130037289 130101086
130101087 130143960
130143961 130163101
130163102 130167410
130167411 130200611
130200612 130265220
130265221 130297797
130297798 130351328
130351329 130408471
130408472 130458963
130458964 130489788
130489789 130534485
130534486 130589528
130589529 130638678
130638679 130676067
130676068 130723410
130723411 130770590
130770591 130833774
130833775 130859971
130859972 130867101
130867102 130915324
130915325 130922250
130922251 130929429
130929430 130937492
130937493 130945214
130945215 130991020
130991021 131042813
131042814 131099028
131099029 131156587
131156588 131222679
131222680 131257931
131257932 131343513
131343514 131409374
131409375 131466702
131466703 131493472
131493473 131506020
131506021 131548678
131548679 131604833
131604834 131634943
131634944 131676339
131676340 131720864
131720865 131761875
131761876 131789015
131789016 131840918
131840919 131888819
131888820 131930289
131930290 131957912
131957913 131994061
131994062 132040150
132040151 132074863
132074864 132096253
132096254 132099412
132099413 132154100
132154101 132211171
132211172 132244294
132244295 132311595
132311596 132360406
132360407 132398206
132398207 132434393
132434394 132471533
132471534 132550858
132550860 132631404
132631405 132664226
132664227 132704510
132704511 132781528
132781529 132830323
132830324 132859623
132859624 132863693
132863694 132900195
132900196 132948419
132948420 132975498
132975499 133007080
133007081 133054305
133054306 133131277
133131278 133170284
133170285 133221246
133221247 133310271
133310272 133355980
133355981 133394558
133394559 133436468
133436469 133489895
133489896 133532579
133532580 133565674
133565675 133569334
133569335 133618105
133618106 133622013
133622014 133628023
133628024 133631499
133631500 133636497
133636498 133676838
133676839 133738208
133738209 133792511
133792512 133873860
133873861 133942729
133942730 133975428
133975429 134028002
134028003 134088092
134088093 134141747
134141748 134183100
134183101 134188486
134188487 134235762
134235763 134284553
134284554 134323831
134323832 134370037
134370038 134428685
134428686 134485437
134485438 134537946
134537947 134647805
134647806 134719307
134719308 134778932
134778933 134812232
134812233 134851363
134851364 134912883
134912884 134971724
134971725 135016691
135016692 135021024
135021025 135094929
135094930 135155164
135155165 135197829
135197830 135253599
135253600 135315071
135315072 135391612
135391613 135462011
135462012 135540437
135540438 135695273
135695274 135873866
135873867 135925160
135925161 135996970
135996971 136106437
136106438 136165731
136165732 136193605
136193606 136198402
136198403 136249042
136249043 136308011
136308012 136337564
136337565 136375982
136375983 136430543
136430544 136510405
136510406 136552972
136552973 136611286
136611287 136715594
136715595 136777049
136777050 136808720
136808721 136877293
136877294 136946206
136946207 136987446
136987447 137012744
137012745 137016014
137016015 137057581
137057582 137061605
137061606 137064186
137064187 137068130
137068131 137074864
137074865 137114406
137114407 137145632
137145633 137192832
137192833 137256402
137256403 137325086
137325087 137350726
137350727 137391779
137391780 137435458
137435459 137476300
137476301 137511555
137511556 137514508
137514509 137557699
137557700 137600180
137600181 137622049
137622050 137651184
137651185 137688461
137688462 137735725
137735726 137763278
137763279 137797657
137797658 137853771
137853772 137942762
137942763 137984584
137984585 138037374
138037375 138137489
138137490 138194292
138194293 138233144
138233145 138237260
138237261 138303899
138303900 138357789
138357790 138390556
138390557 138432553
138432554 138498916
138498917 138596823
138596824 138663899
138663900 138736179
138736180 138939412
138939413 139039919
139039920 139089113
139089114 139158158
139158159 139225179
139225180 139294326
139294327 139338697
139338698 139347802
139347803 139410127
139410128 139475654
139475655 139522839
139522840 139576017
139576018 139640259
139640260 139707490
139707491 139762799
139762800 139824440
139824441 139931030
139931031 140001044
140001045 140047385
140047386 140111375
140111376 140190251
140190252 140256417
140256418 140304877
140304878 140311310
140311311 140379142
140379143 140383364
140383365 140387007
140387008 140391314
140391315 140397930
140397931 140452155
140452156 140517462
140517463 140588537
140588538 140695339
140695340 140700997
140700998 140704007
140704008 140713431
140713432 140718191
140718192 140722057
140722058 140726577
140726578 140727213
140727214 140732525
140732526 140736570
140736571 140740703
140740704 140745222
140745223 140749987
140749988 140755280
140755281 140759516
140759517 140765730
140765731 140774394
140774395 140844548
140844549 140888458
140888459 140944373
140944374 141016300
141016301 141101908
141101909 141182314
141182315 141189624
141189625 141296709
141296710 141368356
141368357 141430129
141430130 141493932
141493933 141588410
141588411 141661758
141661759 141755491
141755492 141825676
141825677 142012534
142012535 142111039
142111040 142164007
142164008 142221821
142221822 142299822
142299823 142345110
142345111 142371323
142371324 142375245
142375246 142418676
142418677 142493690
142493691 142530424
142530425 142581741
142581742 142627823
142627824 142677941
142677942 142712026
142712027 142762857
142762858 142840423
142840424 142893737
142893738 142925508
142925509 142984203
142984204 143043191
143043192 143091832
143091833 143131320
143131321 143135239
143135240 143189459
143189460 143193499
143193500 143196699
143196700 143201379
143201380 143206221
143206222 143250368
143250369 143292228
143292229 143353330
143353331 143433271
143433272 143502707
143502708 143528061
143528062 143576754
143576755 143621424
143621425 143663263
143663264 143705238
143705239 143709112
143709113 143765164
143765165 143830841
143830842 143858807
143858808 143901671
143901672 143944356
143944357 143985456
143985457 144016963
144016964 144064154
144064155 144126517
144126518 144187928
144187929 144221005
144221006 144271747
144271748 144353440
144353441 144408189
144408190 144440037
144440038 144444043
144444044 144509456
144509457 144567534
144567535 144601784
144601785 144652077
144652078 144717321
144717322 144779796
144779797 144833262
144833263 144901317
144901318 145042787
145042788 145216756
145216757 145269427
145269428 145340780
145340781 145456941
145456942 145537452
145537453 145576851
145576852 145582476
145582477 145650613
145650614 145714758
145714759 145752973
145752974 145799096
145799097 145869309
145869310 145985233
145985234 146053467
146053468 146133115
146133116 146332282
146332283 146429961
146429962 146500587
146500588 146582752
146582753 146691480
146691481 146785591
146785592 146854333
146854334 146860395
146860396 146972485
146972486 146978255
146978256 146983856
146983857 146988959
146988960 146997543
146997544 147093566
147093567 147202537
147202538 147314014
147314015 147509366
147509367 147610668
147610669 147655007
147655008 147740083
147740084 147818590
147818591 147894882
147894883 147945090
147945091 147950272
147950273 148034612
148034613 148105059
148105060 148151377
148151378 148228272
148228273 148298783
148298784 148399456
148399457 148466631
148466632 148543894
148543895 148691505
148691506 148871469
148871470 148940068
148940069 149031970
149031971 149209790
149209791 149338640
149338641 149440669
149440670 149448987
149448988 149646865
149646866 149766096
149766097 149839693
149839694 149927663
149927664 150087164
150087165 150286856
150286857 150440994
150440995 150609277
150609278 151100558
