0 1002271
1002272 1343162
1343163 1751661
1751662 2383942
2383943 2761587
2761588 2954484
2954485 2987056
2987057 3268561
3268562 3694681
3694682 3891177
3891178 4134675
4134676 4410951
4410952 4942243
4942244 5178462
5178463 5565721
5565722 6006211
6006212 6327909
6327910 6492265
6492266 6708528
6708529 6974863
6974864 7164009
7164010 7290212
7290213 7306017
7306018 7469343
7469344 7493116
7493117 7507310
7507311 7525019
7525020 7554845
7554846 7733341
7733342 7892841
7892842 8073392
8073393 8287776
8287777 8707345
8707346 8884421
8884422 9122474
9122475 9347577
9347578 9571862
9571863 9702270
9702271 9724765
9724766 9892003
9892004 10147987
10147988 10283768
10283769 10441737
10441738 10589120
10589121 10780172
10780173 10925051
10925052 11131092
11131093 11344648
11344649 11780063
11780064 11973930
11973931 12179923
12179924 12546424
12546425 12783399
12783400 12947379
12947380 12969663
12969664 13184621
13184622 13472167
13472168 13640440
13640441 13862269
13862270 14132946
14132947 14445225
14445226 14660230
14660231 14869597
14869598 15311443
15311444 15699217
15699218 15836298
15836299 16001409
16001410 16219324
16219325 16509129
16509130 16630697
16630698 16659405
16659406 16820534
16820535 17088310
17088311 17224482
17224483 17407669
17407670 17581561
17581562 17821416
17821417 17956749
17956750 18170975
18170976 18440484
18440485 18621035
18621036 18770301
18770302 18917292
18917293 19100245
19100246 19267561
19267562 19371546
19371547 19394933
19394934 19516343
19516344 19531548
19531549 19548712
19548713 19561671
19561672 19581208
19581209 19701709
19701710 19854269
19854270 20010243
20010244 20157808
20157809 20182374
20182375 20194151
20194152 20216669
20216670 20237927
20237928 20257852
20257853 20286512
20286513 20290344
20290345 20307857
20307858 20330714
20330715 20344333
20344334 20367610
20367611 20387028
20387029 20412582
20412583 20429500
20429501 20465045
20465046 20495056
20495057 20659319
20659320 20765212
20765213 20864835
20864836 21028072
21028073 21197067
21197068 21342067
21342068 21362392
21362393 21530827
21530828 21707823
21707824 21858863
21858864 22011596
22011597 22184980
22184981 22345420
22345421 22506635
22506636 22663805
22663806 22940380
22940381 23447393
23447394 23619304
23619305 23880091
23880092 24168786
24168787 24406492
24406493 24528680
24528681 24559801
24559802 24730980
24730981 25054468
25054469 25194007
25194008 25386219
25386220 25556421
25556422 25766039
25766040 25899740
25899741 26105413
26105414 26320165
26320166 26546776
26546777 26679545
26679546 26865876
26865877 27043136
27043137 27252393
27252394 27361397
27361398 27389049
27389050 27583953
27583954 27610052
27610053 27623224
27623225 27640447
27640448 27657779
27657780 27807519
27807520 27938472
27938473 28129265
28129266 28296242
28296243 28593086
28593087 28704991
28704992 28935603
28935604 29106044
29106045 29326413
29326414 29452749
29452750 29494496
29494497 29689273
29689274 29884995
29884996 29988074
29988075 30110500
30110501 30232726
30232727 30371295
30371296 30479032
30479033 30646976
30646977 30811008
30811009 30991910
30991911 31082482
31082483 31234254
31234255 31401239
31401240 31559592
31559593 31664336
31664337 31676925
31676926 31847801
31847802 32061312
32061313 32190495
32190496 32362602
32362603 32524990
32524991 32680878
32680879 32837862
32837863 32978675
32978676 33262794
33262795 33720877
33720878 33859951
33859952 34031132
34031133 34339900
34339901 34593854
34593855 34710525
34710526 34732660
34732661 34898699
34898700 35103238
35103239 35219155
35219156 35339098
35339099 35502805
35502806 35913660
35913661 36082017
36082018 36313779
36313780 36681116
36681117 36892317
36892318 37051104
37051105 37213582
37213583 37426337
37426338 37605829
37605830 37743941
37743942 37759775
37759776 37930266
37930267 37948332
37948333 37969601
37969602 37981624
37981625 38002855
38002856 38169513
38169514 38361680
38361681 38541789
38541790 38768218
38768219 39056939
39056940 39184181
39184182 39375075
39375076 39588082
39588083 39779434
39779435 39915406
39915407 39932465
39932466 40109775
40109776 40322734
40322735 40462444
40462445 40621480
40621481 40803849
40803850 41025967
41025968 41172570
41172571 41398941
41398942 41667567
41667568 41950604
41950605 42113428
42113429 42282427
42282428 42591713
42591714 42851257
42851258 43023801
43023802 43042905
43042906 43334483
43334484 43534553
43534554 43681361
43681362 43824610
43824611 44043208
44043209 44409351
44409352 44717211
44717212 45010475
45010476 45648951
45648952 46083958
46083959 46271380
46271381 46530271
46530272 46822006
46822007 47040606
47040607 47155331
47155332 47174179
47174180 47313664
47313665 47522371
47522372 47641494
47641495 47797464
47797465 47954437
47954438 48154576
48154577 48274230
48274231 48451348
48451349 48660428
48660429 48866245
48866246 49072180
49072181 49276540
49276541 49501194
49501195 49706553
49706554 49832328
49832329 49858541
49858542 50026608
50026609 50052552
50052553 50086928
50086929 50112062
50112063 50147288
50147289 50265477
50265478 50405694
50405695 50617246
50617247 50822162
50822163 51111869
51111870 51240347
51240348 51473602
51473603 51653830
51653831 51873704
51873705 52065053
52065054 52086653
52086654 52276893
52276894 52506729
52506730 52693692
52693693 52847910
52847911 53003873
53003874 53150309
53150310 53265679
53265680 53476738
53476739 53658835
53658836 53852569
53852570 53966550
53966551 54102386
54102387 54333647
54333648 54526332
54526333 54656934
54656935 54674325
54674326 54879897
54879898 55069879
55069880 55213309
55213310 55391497
55391498 55606581
55606582 55796452
55796453 55991576
55991577 56169523
56169524 56558000
56558001 56820466
56820467 56941453
56941454 57105239
57105240 57247479
57247480 57439162
57439163 57611009
57611010 57643167
57643168 57815398
57815399 57996353
57996354 58198119
58198120 58409925
58409926 58562248
58562249 58698026
58698027 58855117
58855118 59034764
59034765 59255961
59255962 59433777
59433778 59582422
59582423 59826858
59826859 59984904
59984905 60156084
60156085 60247577
60247578 60276594
60276595 60399121
60399122 60422111
60422112 60448838
60448839 60486599
60486600 60509649
60509650 60605669
60605670 60739366
60739367 60892995
60892996 61050008
61050009 61067555
61067556 61079264
61079265 61115568
61115569 61127590
61127591 61147053
61147054 61183669
61183670 61191398
61191399 61208489
61208490 61223634
61223635 61247812
61247813 61285883
61285884 61298786
61298787 61311634
61311635 61334963
61334964 61360460
61360461 61378305
61378306 61508445
61508446 61595328
61595329 61704629
61704630 61824596
61824597 62026935
62026936 62242355
62242356 62272625
62272626 62464027
62464028 62647790
62647791 62794470
62794471 63007352
63007353 63190401
63190402 63313409
63313410 63487196
63487197 63645467
63645468 63891367
63891368 63916438
63916439 63931979
63931980 63951156
63951157 63970229
63970230 63988070
63988071 64000024
64000025 64003134
64003135 64016042
64016043 64053682
64053683 64067577
64067578 64097535
64097536 64118534
64118535 64132932
64132933 64151608
64151609 64169210
64169211 64191384
64191385 64208048
64208049 64225183
64225184 64245278
64245279 64262149
64262150 64292348
64292349 64323991
64323992 64330783
64330784 64372401
64372402 64376975
64376976 64386600
64386601 64394479
64394480 64398209
64398210 64409528
64409529 64427841
64427842 64449271
64449272 64471925
64471926 64490350
64490351 64500961
64500962 64528405
64528406 64544554
64544555 64562168
64562169 64590101
64590102 64596569
64596570 64624285
64624286 64655356
64655357 64682581
64682582 64712262
64712263 64735798
64735799 64747515
64747516 64758268
64758269 64784744
64784745 64800339
64800340 64817624
64817625 64827410
64827411 64841893
64841894 64864059
64864060 64881732
64881733 64896755
64896756 64899933
64899934 64930811
64930812 64966869
64966870 64990675
64990676 65023158
65023159 65051960
65051961 65068620
65068621 65085863
65085864 65104803
65104804 65137774
65137775 65353978
65353979 65445419
65445420 65562888
65562889 65732990
65732991 65886346
65886347 65979479
65979480 65993793
65993794 66145630
66145631 66284317
66284318 66366153
66366154 66476442
66476443 66576595
66576596 66731107
66731108 66836819
66836820 66973190
66973191 67179558
67179559 67386306
67386307 67555429
67555430 67775679
67775680 67967402
67967403 68174019
68174020 68372186
68372187 68399685
68399686 68629786
68629787 68654029
68654030 68673224
68673225 68709595
68709596 68732039
68732040 68886340
68886341 69081947
69081948 69315266
69315267 69552853
69552854 69782830
69782831 69906302
69906303 70126258
70126259 70288886
70288887 70503570
70503571 70675713
70675714 70696091
70696092 70881824
70881825 71087073
71087074 71239879
71239880 71483678
71483679 71631608
71631609 71819552
71819553 71972124
71972125 72177234
72177235 72393445
72393446 72574662
72574663 72676654
72676655 72793836
72793837 72965981
72965982 73183877
73183878 73386359
73386360 73405735
73405736 73667054
73667055 73852300
73852301 73980150
73980151 74144390
74144391 74311483
74311484 74544442
74544443 74790752
74790753 75050211
75050212 75462304
75462305 75895090
75895091 76081530
76081531 76325541
76325542 76633139
76633140 76814423
76814424 76909709
76909710 76926931
76926932 77083470
77083471 77321264
77321265 77448811
77448812 77623135
77623136 77784366
77784367 77988650
77988651 78115095
78115096 78307821
78307822 78522803
78522804 78677853
78677854 78786998
78786999 78939592
78939593 79086301
79086302 79200590
79200591 79273859
79273860 79284795
79284796 79392441
79392442 79408111
79408112 79419085
79419086 79442247
79442248 79459675
79459676 79553596
79553597 79646685
79646686 79762550
79762551 79906737
79906738 80187296
80187297 80347787
80347788 80545244
80545245 80737275
80737276 80872808
80872809 80991121
80991122 81009604
81009605 81140713
81140714 81322778
81322779 81496108
81496109 81631151
81631152 81783642
81783643 81894688
81894689 81987114
81987115 82128426
82128427 82289365
82289366 82454816
82454817 82543811
82543812 82651048
82651049 82819736
82819737 82954731
82954732 83040021
83040022 83058545
83058546 83191928
83191929 83352323
83352324 83445408
83445409 83602530
83602531 83738643
83738644 83894170
83894171 84021022
84021023 84140852
84140853 84380577
84380578 84596538
84596539 84697956
84697957 84825048
84825049 84971753
84971754 85117418
85117419 85205322
85205323 85228960
85228961 85357789
85357790 85532490
85532491 85652723
85652724 85799468
85799469 85950507
85950508 86066971
86066972 86159819
86159820 86302792
86302793 86474385
86474386 86618102
86618103 86748400
86748401 86899243
86899244 87039039
87039040 87177833
87177834 87259411
87259412 87286713
87286714 87388570
87388571 87414205
87414206 87430647
87430648 87455061
87455062 87468980
87468981 87556790
87556791 87729974
87729975 87916278
87916279 88055229
88055230 88069488
88069489 88081145
88081146 88100333
88100334 88121850
88121851 88137724
88137725 88162478
88162479 88172185
88172186 88185201
88185202 88206053
88206054 88222328
88222329 88249394
88249395 88266692
88266693 88276989
88276990 88287883
88287884 88322251
88322252 88336407
88336408 88457995
88457996 88542856
88542857 88625352
88625353 88741013
88741014 88892984
88892985 88990220
88990221 89004335
89004336 89143833
89143834 89309979
89309980 89430334
89430335 89632944
89632945 89769975
89769976 89871066
89871067 89998513
89998514 90117785
90117786 90316555
90316556 90595798
90595799 90702887
90702888 90905954
90905955 91077996
91077997 91206762
91206763 91269557
91269558 91284593
91284594 91389771
91389772 91594701
91594702 91692570
91692571 91909824
91909825 92055383
92055384 92180944
92180945 92266140
92266141 92397250
92397251 92562100
92562101 92707255
92707256 92805701
92805702 92977798
92977799 93115031
93115032 93259285
93259286 93334853
93334854 93363056
93363057 93490457
93490458 93510777
93510778 93535444
93535445 93571835
93571836 93600482
93600483 93700486
93700487 93819338
93819339 94012177
94012178 94144667
94144668 94332863
94332864 94422597
94422598 94622293
94622294 94761363
94761364 94895249
94895250 94971672
94971673 95003592
95003593 95113911
95113912 95251027
95251028 95333967
95333968 95426675
95426676 95530912
95530913 95621873
95621874 95694081
95694082 95821258
95821259 95948866
95948867 96060623
96060624 96131055
96131056 96224491
96224492 96341444
96341445 96449350
96449351 96511903
96511904 96523531
96523532 96646092
96646093 96791431
96791432 96880086
96880087 97053218
97053219 97173995
97173996 97265833
97265834 97361755
97361756 97476820
97476821 97671682
97671684 97864611
97864612 97946448
97946449 98049110
98049111 98212296
98212297 98330499
98330500 98400610
98400611 98410710
98410711 98501753
98501754 98637249
98637250 98722405
98722406 98809151
98809152 98915554
98915555 99077832
99077833 99167816
99167817 99282291
99282292 99477624
99477625 99596849
99596850 99690560
99690561 99813778
99813779 99941180
99941181 100040453
100040454 100129484
100129485 100139857
100139858 100251710
100251711 100262244
100262245 100273807
100273808 100285406
100285407 100297497
100297498 100392502
100392503 100552608
100552609 100681402
100681403 100859175
100859176 101044979
101044980 101139563
101139564 101308649
101308650 101468315
101468316 101606652
101606653 101706618
101706619 101723938
101723939 101857629
101857630 101997686
101997687 102128489
102128490 102278694
102278695 102428274
102428275 102550701
102550702 102659099
102659100 102865200
102865201 103030863
103030864 103172776
103172777 103255096
103255097 103347588
103347589 103488825
103488826 103643805
103643806 103752083
103752084 103767600
103767601 103941020
103941021 104074369
104074370 104176537
104176538 104298123
104298124 104435980
104435981 104608088
104608089 104793927
104793928 104983044
104983045 105328134
105328136 105842013
105842014 106011879
106011880 106242868
106242869 106606514
106606515 106797637
106797638 106889209
106889210 106906069
106906070 107061471
107061472 107248651
107248652 107349911
107349912 107473236
107473237 107634284
107634285 107900345
107900346 108056224
108056225 108247446
108247447 108561391
108561392 108786707
108786708 108908481
108908482 109096291
109096292 109317516
109317517 109468483
109468484 109559334
109559335 109571245
109571246 109708806
109708807 109723538
109723539 109733924
109733925 109747090
109747091 109772638
109772639 109915048
109915049 110024997
110024998 110171182
110171183 110363095
110363096 110601666
110601667 110697815
110697816 110854491
110854492 111020873
111020874 111164152
111164153 111264899
111264900 111276147
111276148 111426023
111426024 111567940
111567941 111655095
111655096 111751318
111751319 111873763
111873764 112015460
112015461 112109347
112109348 112228124
112228125 112409336
112409337 112691842
112691843 112853798
112853799 113008838
113008839 113420699
113420700 113601265
113601266 113725322
113725323 113739712
113739713 113951162
113951163 114133103
114133104 114250008
114250009 114386943
114386944 114628787
114628788 114895256
114895257 115101045
115101046 115302626
115302627 115838321
115838322 116145175
116145176 116277347
116277348 116462131
116462132 116661262
116661263 116874875
116874876 117018970
117018971 117055146
117055147 117267831
117267832 117476067
117476068 117640959
117640960 117826201
117826202 118003909
118003910 118186624
118186625 118347602
118347603 118537440
118537441 118826560
118826561 119013955
119013956 119153665
119153666 119358245
119358246 119571163
119571164 119822816
119822817 119959977
119959978 119990799
119990800 120185364
120185365 120199116
120199117 120219682
120219683 120234845
120234846 120257858
120257859 120399818
120399819 120579808
120579809 120810275
120810276 121067712
121067713 121090202
121090203 121100872
121100873 121125354
121125355 121143407
121143408 121158910
121158911 121179132
121179133 121183672
121183673 121209768
121209769 121223543
121223544 121249202
121249203 121272301
121272302 121287223
121287224 121302244
121302245 121317855
121317856 121343594
121343595 121367396
121367397 121546620
121546621 121681623
121681624 121821168
121821169 122025266
122025267 122289805
122289806 122494533
122494534 122532076
122532077 122853555
122853556 123062683
123062684 123237546
123237547 123419105
123419106 123687478
123687479 123875475
123875476 124114099
124114100 124323815
124323816 124753391
124753392 125112899
125112900 125268689
125268690 125486554
125486555 125745181
125745182 125924366
125924367 126033569
126033570 126051536
126051537 126209333
126209334 126473813
126473814 126625948
126625949 126829453
126829454 126998416
126998417 127179210
127179211 127313829
127313830 127506159
127506160 127746317
127746318 127949063
127949064 128086749
128086750 128300944
128300945 128493458
128493459 128674402
128674403 128807718
128807719 128825481
128825482 129047807
129047808 129063435
129063436 129079322
129079323 129099320
129099321 129119326
129119327 129262869
129262870 129397571
129397572 129618651
129618652 129843110
129843111 130101086
130101087 130200611
130200612 130408471
130408472 130589528
130589529 130770590
130770591 130915324
130915325 130945214
130945215 131156587
131156588 131409374
131409375 131548678
131548679 131720864
131720865 131888819
131888820 132040150
132040151 132154100
132154101 132360406
132360407 132550858
132550860 132781528
132781529 132900195
132900196 133054305
133054306 133310271
133310272 133489895
133489896 133618105
133618106 133636497
133636498 133873860
133873861 134088092
134088093 134235762
134235763 134428685
134428686 134719307
134719308 134912883
134912884 135094929
135094930 135315071
135315072 135695273
135695274 136106437
136106438 136249042
136249043 136430543
136430544 136715594
136715595 136946206
136946207 137057581
137057582 137074864
137074865 137256402
137256403 137435458
137435459 137557699
137557700 137688461
137688462 137853771
137853772 138137489
138137490 138303899
138303900 138498916
138498917 138939412
138939413 139225179
139225180 139410127
139410128 139640259
139640260 139931030
139931031 140190251
140190252 140379142
140379143 140397930
140397931 140695339
140695340 140718191
140718192 140732525
140732526 140749987
140749988 140774394
140774395 141016300
141016301 141296709
141296710 141588410
141588411 142012534
142012535 142299822
142299823 142418676
142418677 142627823
142627824 142840423
142840424 143043191
143043192 143189459
143189460 143206221
143206222 143433271
143433272 143621424
143621425 143765164
143765165 143944356
143944357 144126517
144126518 144353440
144353441 144509456
144509457 144717321
144717322 145042787
145042788 145456941
145456942 145650613
145650614 145869309
145869310 146332282
146332283 146691480
146691481 146972485
146972486 146997543
146997544 147509366
147509367 147818590
147818591 148034612
148034613 148298783
148298784 148691505
148691506 149209790
149209791 149646865
149646866 150087164
150087165 151100558
